.Random.seed <-
c(403L, 10L, 1681379177L, -174538440L, -1479115802L, 1370614657L, 
1362051859L, -1653969726L, -1288845452L, 432630647L, -1214796691L, 
556253956L, 2143001130L, 1824389013L, -661046225L, 1910052150L, 
-25322144L, -1540695133L, 383679681L, -448250704L, -757621810L, 
1626144569L, -1962336437L, -1274794758L, -1546373636L, -604592577L, 
1317493525L, 1741797420L, -687789822L, -1696464419L, 34693335L, 
-554734658L, 1082613240L, -559216165L, 1889699897L, 1447932296L, 
-2081399498L, -1822480527L, -830450269L, 1078151410L, -425610172L, 
1032630023L, -1492295971L, 102096852L, 236064506L, -1082437051L, 
1902592671L, -807555034L, 392451248L, 1459549523L, -448843663L, 
-1933701728L, 1379238206L, -620728247L, -37997317L, 861625546L, 
-1270586836L, 803051055L, 1717556965L, -364651620L, -1107382798L, 
-1788643219L, 1037930919L, 495264718L, 1454983464L, 1398651691L, 
578853193L, -2101359016L, -168313082L, 640674529L, 763977331L, 
-1709766942L, 708393556L, 484393815L, -1492342963L, -1308050716L, 
-460619062L, 44505909L, -1442410097L, -174020970L, 1038583360L, 
154828547L, -1692846303L, 1102635024L, -1766295570L, -1396361319L, 
1626476587L, -1087347430L, 1941317596L, 1128573407L, -1084904011L, 
54754124L, -1078060638L, -1917265667L, 1628816887L, -1068350690L, 
-545587752L, -43509957L, 426475737L, -1471935384L, 575418774L, 
1158099217L, -1504173373L, -560620846L, -1961677980L, -624107865L, 
-366032899L, 1183318516L, -1255592230L, 2034667557L, 1412685119L, 
162804422L, -2072617136L, -251150477L, 1310146961L, 1461294016L, 
-114166370L, -1867331735L, -2055912549L, 1530112682L, -1409907508L, 
-1249919601L, 1414207941L, -1381278340L, 1043949010L, -1742905011L, 
473900039L, -1957342226L, -1114309944L, -893209141L, 713289769L, 
-2104355208L, -1222593626L, 456791489L, -675106221L, 435534082L, 
-843141068L, 746899895L, 420224429L, -1302825276L, -1740547350L, 
-965370539L, -875277585L, -1420840714L, -943632352L, -2050313757L, 
-2110205311L, 43465968L, 1707209614L, 327699705L, 1403025035L, 
-1342142790L, 908986812L, 1616935679L, -186204587L, -2101032596L, 
-922003006L, 1763332637L, -1730884969L, 170394622L, 380100536L, 
1738494875L, 1669593593L, 830343496L, -1824574346L, -2109546063L, 
-688566301L, 1789185202L, 467173636L, 1932683847L, -1132819171L, 
1442823060L, -1198657734L, -227142779L, 1337165919L, -2107917594L, 
-1599291024L, -234403181L, 1566700337L, 57651680L, 958776958L, 
-1472942839L, 1069121339L, 1900746506L, -845478164L, -639634577L, 
178619557L, 1072903772L, 181288498L, 626335021L, 1165069287L, 
1851812622L, -2006250264L, 1223042795L, 368854921L, 300708632L, 
742901318L, 771839649L, -964970189L, -78997342L, 1259804564L, 
1959966231L, -873176563L, -625707228L, -637848822L, -1707295115L, 
-832569905L, 462169814L, -1195267456L, 733680835L, -486813087L, 
1524476624L, 195677230L, 1453597145L, 1480900075L, 1341839450L, 
-1090168292L, -1649525985L, 764866421L, 1100756492L, 324235234L, 
-1502800707L, 1060442935L, 1322286046L, -1976157928L, -1031861125L, 
-2146422247L, -1952402776L, -986556330L, 1825144802L, 1071980456L, 
-1641765684L, -1824354820L, 404546482L, 1514279408L, -343232060L, 
-183426728L, -946862726L, -85925456L, 581480380L, -1039810476L, 
-1899101246L, -1160012768L, -1902863172L, 2091434576L, 2031306722L, 
1379708520L, -1140934068L, -1748950788L, -1028534286L, 291312896L, 
-642576524L, 2144653320L, 1623510458L, -1347648048L, -1754170388L, 
1660735380L, 538371026L, 1666709344L, 2144832844L, 413662496L, 
581329794L, -689880344L, -1605753620L, 67777084L, -377957518L, 
-1092195728L, -1905541084L, -1024717000L, -1139002214L, -1501308208L, 
1732069564L, 29439636L, 1113607810L, 1384787136L, 1456111932L, 
-2137827184L, -1229950430L, 1742728712L, 423225612L, 543373980L, 
-74942958L, -2005170816L, -452278764L, -2007138776L, 1054176570L, 
1719527376L, -207936916L, 861327156L, 958057106L, -889771680L, 
1485429068L, -288768032L, 1479878562L, 647081896L, -1273769076L, 
-1227835716L, 310696818L, 1904883952L, 1122529348L, -541266600L, 
-802921414L, 1778948976L, -1341969348L, -1964821740L, -1122016830L, 
770588896L, 327419772L, -465025328L, -751249758L, -978818008L, 
-1831833332L, 1665498044L, 1568136498L, 2056280000L, 1882833460L, 
-729547832L, -1299127110L, -829714544L, -1697628692L, 568942676L, 
1730514578L, 717189920L, -1471162932L, 885963744L, 1471589058L, 
1024829992L, 1649444524L, -1618400580L, -1297696270L, 527034672L, 
-1506485084L, 1804749496L, -71863462L, -2056678000L, -43892356L, 
-1997015788L, 1990734146L, -555271424L, -461022276L, 1456071504L, 
1111906594L, -1644823224L, -1831466996L, 662831196L, -598987566L, 
-824784896L, -1419740332L, 1326082536L, 980721658L, 2085445328L, 
126842156L, 1202934004L, 1433499538L, 332504160L, -488739572L, 
1677623008L, 1791286626L, 403550888L, -1758467508L, -1879619716L, 
-1584039118L, -2112215440L, -1920676540L, -1859560488L, 79437946L, 
1548531248L, -1679633732L, 1598793556L, -1337109950L, 226251680L, 
-1098370884L, 646203856L, -959433374L, -239813656L, 200916940L, 
-508127492L, 461070322L, 186412160L, 1541535988L, -1989929848L, 
-1264327366L, 1129423696L, -1671295892L, -1535930220L, -1342588590L, 
-1591015712L, 2012938444L, -256102240L, 87830914L, -1521848088L, 
-1437114132L, 1111212092L, -1555021710L, -1792759696L, 967596580L, 
-873545160L, -926756326L, -7767856L, -483322308L, 746591380L, 
1101964418L, 785526720L, -302099140L, 469460624L, 1641331746L, 
-1155512312L, 924923020L, 469944348L, 2119140498L, -243549056L, 
-348275692L, 1697452840L, 981945402L, -28164912L, 1383976044L, 
-510101836L, 2074615826L, -90701856L, -2042825780L, -1568754208L, 
367967266L, -918358744L, 1435787532L, -2108924356L, -318122766L, 
632789232L, 22284100L, -1652228008L, -1643480518L, 408414448L, 
-1573326148L, 226120212L, -1033139006L, -498227616L, -1875167876L, 
-1736553264L, -965108702L, -348125016L, 676347276L, -39769668L, 
408705074L, -1417184448L, -1014888780L, 1885811016L, 2109022906L, 
-746924272L, 714246380L, 2137659476L, 1785458450L, -1143340640L, 
-1492004916L, 2083182432L, -1340279614L, 898063912L, -1580267092L, 
-1203791857L, 162462809L, 2120601838L, -145517700L, -1613381651L, 
1016035479L, 1488757600L, -1846361282L, 570018827L, -687199091L, 
-2062586438L, -1943518216L, 2047385505L, -373261997L, 183285876L, 
1651214850L, -1253776233L, 1458587233L, 85020326L, -1591937372L, 
308699989L, 1237942271L, 1677467288L, 2070668214L, -810063805L, 
-1704599163L, 2127258146L, 407111952L, -678299463L, 590273899L, 
-722795428L, 204908938L, -1778795137L, -329502519L, 1675855198L, 
1447114252L, 151562717L, -1936443161L, 1362607376L, -1398451154L, 
1080068827L, -674260035L, -453372630L, 890636744L, -1499883791L, 
1472477283L, -2064122780L, -2086686830L, 1062610023L, 1883302961L, 
-1080298122L, 1937052308L, 1917759653L, -1346689617L, 26467944L, 
-745888186L, -1113709581L, 1197015893L, 607726898L, 446734592L, 
-1406101015L, -338490277L, -2070829396L, -1762520902L, -1104057745L, 
1170388985L, 1997338254L, -611551396L, -1049375795L, 1538452279L, 
-1645645376L, -1701001570L, 569298795L, 1886148333L, 667747162L, 
-2147426280L, 958680449L, 806001459L, -1580463788L, -1882539166L, 
910776311L, -1011656639L, 1912835270L, 1742285316L, -1217092171L, 
2070166175L, -1902568712L, -474730794L, 155089763L, -1862864091L, 
90144962L, 1109757360L, -1086444071L, 1298582347L, 23493052L, 
560388586L, -2006639073L, 495811753L, -929995714L, -1673822932L, 
813459325L, 2047149511L, 302325936L, 117841614L, 1832412155L, 
-1238768547L, 642087818L, -1127691352L, -466597615L, -1152712701L, 
1499497220L, 1578680114L, -688448121L, -1103592495L, 1380687190L, 
1398690612L, 492277317L, -542303601L, 1846481928L, 704725030L, 
-2019442477L, 110260789L, -127643246L, 10163552L, -1071252279L, 
62160891L, 169344972L, 729616986L, -642650289L, 1897340441L, 
1073028142L, -700415428L, 183566253L, -1556039593L, 959700384L, 
-319254786L, -1548481077L, 396860365L, 676122362L, 1436427576L, 
1849757409L, 1175216531L, 706169268L, 119560898L, 129346263L, 
